4269	子	1	1	2,41167365	2,41167365
3311	介	2	2	1,87047352	4,28214717
3294	陽	3	3	1,86086976	6,14301694
3175	花	4	4	1,79364344	7,93666038
3141	村	5	5	1,77443592	9,71109630
2919	中	6	6	1,64902211	11,36011841
2421	里	7	7	1,36768843	12,72780684
2377	千	8	8	1,34283164	14,07063848
2363	枝	9	9	1,33492266	15,40556114
2028	人	10	10	1,14567209	16,55123324
1977	一	11	11	1,11686081	17,66809405
1972	島	12	12	1,11403618	18,78213023
1823	直	13	13	1,02986204	19,81199227
1823	雪	13	13	1,02986204	20,84185432
1716	堂	14	15	0,96941485	21,81126917
1683	斗	15	16	0,95077226	22,76204142
1648	二	16	17	0,93099981	23,69304123
1550	何	17	18	0,87563696	24,56867818
1549	分	18	19	0,87507203	25,44375021
1540	天	19	20	0,86998768	26,31373790
1533	今	20	21	0,86603320	27,17977109
1522	事	21	22	0,85981900	28,03959009
1514	完	22	23	0,85529958	28,89488967
1481	白	23	24	0,83665699	29,73154666
1476	城	24	25	0,83383235	30,56537901
1439	日	25	26	0,81293005	31,37830906
1392	鐘	26	27	0,78637848	32,16468754
1341	菜	27	28	0,75756720	32,92225474
1318	言	28	29	0,74457388	33,66682861
1273	気	29	30	0,71915216	34,38598077
1260	見	30	31	0,71180811	35,09778888
1228	小	31	32	0,69373044	35,79151931
1212	久	32	33	0,68469161	36,47621092
1211	出	33	34	0,68412668	37,16033760
1181	巽	34	35	0,66717887	37,82751647
1156	川	35	36	0,65305569	38,48057216
1139	上	36	37	0,64345193	39,12402409
1109	前	37	38	0,62650412	39,75052821
1088	郎	38	39	0,61464065	40,36516886
1078	慈	39	40	0,60899138	40,97416024
1028	太	40	41	0,58074503	41,55490526
1010	生	41	42	0,57057634	42,12548160
1003	先	42	43	0,56662185	42,69210345
1002	大	43	44	0,56605692	43,25816037
971	行	44	45	0,54854418	43,80670455
957	思	45	46	0,54063520	44,34733976
916	私	46	47	0,51747319	44,86481295
896	実	47	48	0,50617465	45,37098761
881	後	48	49	0,49770075	45,86868835
865	来	49	50	0,48866191	46,35735027
805	遼	50	51	0,45476629	46,81211656
793	結	51	52	0,44798716	47,26010372
775	立	52	53	0,43781848	47,69792220
731	音	53	54	0,41296169	48,11088388
724	手	54	55	0,40900720	48,51989108
713	無	55	56	0,40279300	48,92268408
712	条	56	57	0,40222807	49,32491215
707	話	57	58	0,39940344	49,72431559
706	原	58	59	0,39883851	50,12315410
698	目	59	60	0,39431909	50,51747319
683	輩	60	61	0,38584519	50,90331838
676	部	61	62	0,38189070	51,28520908
674	自	62	63	0,38076084	51,66596992
663	長	63	64	0,37454665	52,04051657
662	綾	64	65	0,37398172	52,41449829
662	間	64	65	0,37398172	52,78848001
648	足	65	67	0,36607274	53,15455275
592	田	66	68	0,33443682	53,48898957
585	俺	67	69	0,33048233	53,81947191
581	鳴	68	70	0,32822263	54,14769453
564	時	69	71	0,31861887	54,46631340
553	帰	70	72	0,31240467	54,77871807
553	知	70	72	0,31240467	55,09112274
549	廣	71	74	0,31014496	55,40126770
543	放	72	75	0,30675540	55,70802309
532	瀬	73	76	0,30054120	56,00856429
528	永	74	77	0,29828149	56,30684579
525	松	75	78	0,29658671	56,60343250
522	入	76	79	0,29489193	56,89832443
497	家	77	80	0,28076875	57,17909318
482	海	78	81	0,27229485	57,45138803
480	老	79	82	0,27116499	57,72255302
480	透	79	82	0,27116499	57,99371801
479	方	80	84	0,27060007	58,26431808
474	沢	81	85	0,26777543	58,53209351
469	紀	82	86	0,26495079	58,79704430
468	合	83	87	0,26438587	59,06143017
466	霧	84	88	0,26325601	59,32468618
452	過	85	89	0,25534703	59,58003322
446	校	86	90	0,25195747	59,83199069
440	課	87	91	0,24856791	60,08055860
439	聞	88	92	0,24800298	60,32856158
431	僕	89	93	0,24348357	60,57204515
431	学	89	93	0,24348357	60,81552872
431	笑	89	93	0,24348357	61,05901228
423	西	90	96	0,23896415	61,29797643
419	秀	91	97	0,23670444	61,53468087
405	感	92	98	0,22879546	61,76347634
399	意	93	99	0,22540590	61,98888224
396	夜	94	100	0,22371112	62,21259335
396	輔	94	100	0,22371112	62,43630447
387	尚	95	102	0,21862678	62,65493125
387	本	95	102	0,21862678	62,87355802
381	全	96	104	0,21523721	63,08879524
373	当	97	105	0,21071780	63,29951303
367	楽	98	106	0,20732823	63,50684127
355	心	99	107	0,20054911	63,70739038
354	少	100	108	0,19998418	63,90737456
351	味	101	109	0,19828940	64,10566396
344	件	102	110	0,19433491	64,29999887
342	誰	103	111	0,19320506	64,49320393
340	食	104	112	0,19207520	64,68527913
339	違	105	113	0,19151028	64,87678941
330	緒	106	114	0,18642593	65,06321534
325	体	107	115	0,18360130	65,24681664
323	力	108	116	0,18247144	65,42928808
322	女	109	117	0,18190652	65,61119459
321	変	110	118	0,18134159	65,79253618
316	明	111	119	0,17851695	65,97105314
315	乃	112	120	0,17795203	66,14900516
313	絵	113	121	0,17682217	66,32582734
310	会	114	122	0,17512739	66,50095473
302	顔	115	123	0,17060797	66,67156270
291	待	116	124	0,16439378	66,83595648
287	続	117	125	0,16213407	66,99809055
286	世	118	126	0,16156914	67,15965969
280	場	119	127	0,15817958	67,31783927
279	持	120	128	0,15761465	67,47545392
277	考	121	129	0,15648480	67,63193872
275	真	122	130	0,15535494	67,78729366
267	者	123	131	0,15083553	67,93812919
266	通	124	132	0,15027060	68,08839979
263	動	125	133	0,14857582	68,23697561
263	最	125	133	0,14857582	68,38555143
262	年	126	135	0,14801089	68,53356232
262	物	126	135	0,14801089	68,68157321
262	犯	126	135	0,14801089	68,82958410
262	黒	126	135	0,14801089	68,97759499
260	高	127	139	0,14688104	69,12447603
259	度	128	140	0,14631611	69,27079214
258	好	129	141	0,14575118	69,41654332
255	理	130	142	0,14405640	69,56059973
254	雨	131	143	0,14349148	69,70409120
253	別	132	144	0,14292655	69,84701775
251	付	133	145	0,14179669	69,98881444
251	木	133	145	0,14179669	70,13061114
250	南	134	147	0,14123177	70,27184291
242	仲	135	148	0,13671235	70,40855526
241	張	136	149	0,13614742	70,54470268
241	死	136	149	0,13614742	70,68085010
240	強	137	151	0,13558250	70,81643260
239	早	138	152	0,13501757	70,95145017
236	確	139	153	0,13332279	71,08477296
231	休	140	154	0,13049815	71,21527111
229	所	141	155	0,12936830	71,34463941
228	終	142	156	0,12880337	71,47344278
227	下	143	157	0,12823844	71,60168122
225	悪	144	158	0,12710859	71,72878981
225	界	144	158	0,12710859	71,85589840
223	柏	145	160	0,12597874	71,98187714
223	様	145	160	0,12597874	72,10785588
223	決	145	160	0,12597874	72,23383461
222	仕	146	163	0,12541381	72,35924842
221	父	147	164	0,12484888	72,48409730
221	良	147	164	0,12484888	72,60894619
219	同	148	166	0,12371903	72,73266521
219	戻	148	166	0,12371903	72,85638424
218	取	149	168	0,12315410	72,97953834
216	向	150	169	0,12202425	73,10156259
216	金	150	169	0,12202425	73,22358683
215	込	151	171	0,12145932	73,34504615
210	回	152	172	0,11863468	73,46368084
208	居	153	173	0,11750483	73,58118567
207	作	154	174	0,11693990	73,69812557
204	解	155	175	0,11524512	73,81337069
203	神	156	176	0,11468019	73,92805089
202	典	157	177	0,11411527	74,04216616
200	近	158	178	0,11298541	74,15515157
199	殺	159	179	0,11242049	74,26757206
198	男	160	180	0,11185556	74,37942762
197	嬉	161	181	0,11129063	74,49071825
195	美	162	182	0,11016078	74,60087903
194	屋	163	183	0,10959585	74,71047488
194	然	163	183	0,10959585	74,82007073
193	外	164	185	0,10903092	74,92910165
193	活	164	185	0,10903092	75,03813258
192	色	165	187	0,10846600	75,14659857
190	不	166	188	0,10733614	75,25393472
190	室	166	188	0,10733614	75,36127086
189	映	167	190	0,10677122	75,46804208
189	買	167	190	0,10677122	75,57481329
189	関	167	190	0,10677122	75,68158451
189	面	167	190	0,10677122	75,78835572
186	町	168	194	0,10507643	75,89343216
185	元	169	195	0,10451151	75,99794367
183	教	170	196	0,10338165	76,10132532
183	特	170	196	0,10338165	76,20470697
182	警	171	198	0,10281673	76,30752370
180	山	172	199	0,10168687	76,40921057
179	伝	173	200	0,10112195	76,51033252
175	番	174	201	0,09886224	76,60919475
172	配	175	202	0,09716746	76,70636221
172	野	175	202	0,09716746	76,80352966
171	夫	176	204	0,09660253	76,90013219
171	病	176	204	0,09660253	76,99673472
166	連	177	206	0,09377789	77,09051261
166	頼	177	206	0,09377789	77,18429051
165	切	178	208	0,09321297	77,27750347
162	店	179	209	0,09151819	77,36902166
161	情	180	210	0,09095326	77,45997492
161	深	180	210	0,09095326	77,55092818
160	察	181	212	0,09038833	77,64131651
159	初	182	213	0,08982340	77,73113991
159	探	182	213	0,08982340	77,82096331
158	母	183	215	0,08925848	77,91022179
156	優	184	216	0,08812862	77,99835041
156	欲	184	216	0,08812862	78,08647904
152	君	185	218	0,08586891	78,17234795
151	可	186	219	0,08530399	78,25765194
151	着	186	219	0,08530399	78,34295592
150	親	187	221	0,08473906	78,42769498
149	愛	188	222	0,08417413	78,51186912
147	次	189	223	0,08304428	78,59491340
145	以	190	224	0,08191442	78,67682782
145	書	190	224	0,08191442	78,75874225
145	頑	190	224	0,08191442	78,84065667
143	貴	191	227	0,08078457	78,92144124
142	係	192	228	0,08021964	79,00166089
142	備	192	228	0,08021964	79,08188053
142	諸	192	228	0,08021964	79,16210017
141	保	193	231	0,07965472	79,24175489
141	助	193	231	0,07965472	79,32140961
141	岡	193	231	0,07965472	79,40106432
140	報	194	234	0,07908979	79,48015411
139	丈	195	235	0,07852486	79,55867897
139	信	195	235	0,07852486	79,63720384
139	必	195	235	0,07852486	79,71572870
139	性	195	235	0,07852486	79,79425356
139	文	195	235	0,07852486	79,87277842
138	相	196	240	0,07795994	79,95073836
137	名	197	241	0,07739501	80,02813337
137	現	197	241	0,07739501	80,10552838
136	残	198	243	0,07683008	80,18235846
134	覚	199	244	0,07570023	80,25805868
133	四	200	245	0,07513530	80,33319398
133	引	200	245	0,07513530	80,40832928
133	急	200	245	0,07513530	80,48346458
133	由	200	245	0,07513530	80,55859988
132	兄	201	249	0,07457037	80,63317026
132	業	201	249	0,07457037	80,70774063
131	他	202	251	0,07400545	80,78174608
130	旅	203	252	0,07344052	80,85518660
129	正	204	253	0,07287559	80,92806219
128	対	205	254	0,07231066	81,00037285
128	準	205	254	0,07231066	81,07268352
128	集	205	254	0,07231066	81,14499418
126	員	206	257	0,07118081	81,21617499
126	問	206	257	0,07118081	81,28735580
126	声	206	257	0,07118081	81,35853661
123	数	207	260	0,06948603	81,42802264
123	演	207	260	0,06948603	81,49750867
123	身	207	260	0,06948603	81,56699470
121	忘	208	263	0,06835618	81,63535088
121	救	208	263	0,06835618	81,70370705
121	題	208	263	0,06835618	81,77206323
120	送	209	266	0,06779125	81,83985447
119	定	210	267	0,06722632	81,90708080
119	空	210	267	0,06722632	81,97430712
117	勝	211	269	0,06609647	82,04040358
116	多	212	270	0,06553154	82,10593512
116	泣	212	270	0,06553154	82,17146666
114	怖	213	272	0,06440169	82,23586835
114	誘	213	272	0,06440169	82,30027004
113	恥	214	274	0,06383676	82,36410679
111	内	215	275	0,06270690	82,42681370
111	受	215	275	0,06270690	82,48952060
111	地	215	275	0,06270690	82,55222751
111	羽	215	275	0,06270690	82,61493441
111	覆	215	275	0,06270690	82,67764132
110	習	216	280	0,06214198	82,73978329
110	落	216	280	0,06214198	82,80192527
110	葉	216	280	0,06214198	82,86406725
109	稲	217	283	0,06157705	82,92564430
108	要	218	284	0,06101212	82,98665642
108	遊	218	284	0,06101212	83,04766855
107	院	219	286	0,06044720	83,10811574
106	得	220	287	0,05988227	83,16799801
106	発	220	287	0,05988227	83,22788028
106	絶	220	287	0,05988227	83,28776255
105	化	221	290	0,05931734	83,34707989
104	安	222	291	0,05875242	83,40583231
103	止	223	292	0,05818749	83,46401980
103	約	223	292	0,05818749	83,52220728
103	能	223	292	0,05818749	83,58039477
102	役	224	295	0,05762256	83,63801733
102	絆	224	295	0,05762256	83,69563989
101	失	225	297	0,05705763	83,75269753
101	寝	225	297	0,05705763	83,80975516
101	肉	225	297	0,05705763	83,86681279
100	勉	226	300	0,05649271	83,92330550
100	彼	226	300	0,05649271	83,97979821
100	晴	226	300	0,05649271	84,03629091
100	流	226	300	0,05649271	84,09278362
99	守	227	304	0,05592778	84,14871140
99	達	227	304	0,05592778	84,20463918
98	八	228	306	0,05536285	84,26000203
98	嫌	228	306	0,05536285	84,31536489
98	答	228	306	0,05536285	84,37072774
98	起	228	306	0,05536285	84,42609059
97	苦	229	310	0,05479793	84,48088852
97	電	229	310	0,05479793	84,53568644
96	口	230	312	0,05423300	84,58991944
96	期	230	312	0,05423300	84,64415244
95	倒	231	314	0,05366807	84,69782051
95	呼	231	314	0,05366807	84,75148858
95	始	231	314	0,05366807	84,80515665
95	組	231	314	0,05366807	84,85882473
95	願	231	314	0,05366807	84,91249280
94	代	232	319	0,05310314	84,96559594
94	新	232	319	0,05310314	85,01869909
94	用	232	319	0,05310314	85,07180223
94	逃	232	319	0,05310314	85,12490537
93	使	233	323	0,05253822	85,17744359
93	想	233	323	0,05253822	85,22998181
93	状	233	323	0,05253822	85,28252003
93	館	233	323	0,05253822	85,33505824
92	充	234	327	0,05197329	85,38703153
92	十	234	327	0,05197329	85,43900482
91	友	235	329	0,05140836	85,49041319
91	悠	235	329	0,05140836	85,54182155
90	命	236	331	0,05084344	85,59266499
90	道	236	331	0,05084344	85,64350842
89	予	237	333	0,05027851	85,69378693
89	捜	237	333	0,05027851	85,74406544
89	疲	237	333	0,05027851	85,79434395
88	市	238	336	0,04971358	85,84405753
88	戦	238	336	0,04971358	85,89377111
88	族	238	336	0,04971358	85,94348470
88	束	238	336	0,04971358	85,99319828
88	遠	238	336	0,04971358	86,04291186
87	乗	239	341	0,04914865	86,09206051
85	重	240	342	0,04801880	86,14007932
84	商	241	343	0,04745387	86,18753319
84	調	241	343	0,04745387	86,23498706
82	指	242	345	0,04632402	86,28131108
82	捕	242	345	0,04632402	86,32763510
82	月	242	345	0,04632402	86,37395912
82	皆	242	345	0,04632402	86,42028314
82	練	242	345	0,04632402	86,46660716
82	街	242	345	0,04632402	86,51293118
82	選	242	345	0,04632402	86,55925520
81	勇	243	352	0,04575909	86,60501429
81	的	243	352	0,04575909	86,65077339
81	訳	243	352	0,04575909	86,69653248
81	返	243	352	0,04575909	86,74229157
80	劇	244	356	0,04519417	86,78748574
80	運	244	356	0,04519417	86,83267990
80	降	244	356	0,04519417	86,87787407
79	寂	245	359	0,04462924	86,92250330
79	昨	245	359	0,04462924	86,96713254
79	素	245	359	0,04462924	87,01176178
79	頃	245	359	0,04462924	87,05639102
78	頭	246	363	0,04406431	87,10045533
77	困	247	364	0,04349938	87,14395472
77	容	247	364	0,04349938	87,18745410
77	表	247	364	0,04349938	87,23095348
77	進	247	364	0,04349938	87,27445287
76	似	248	368	0,04293446	87,31738733
76	構	248	368	0,04293446	87,36032178
76	語	248	368	0,04293446	87,40325624
76	転	248	368	0,04293446	87,44619070
75	奏	249	372	0,04236953	87,48856023
74	成	250	373	0,04180460	87,53036483
74	査	250	373	0,04180460	87,57216943
73	疑	251	375	0,04123968	87,61340911
73	開	251	375	0,04123968	87,65464878
72	和	252	377	0,04067475	87,69532353
71	任	253	378	0,04010982	87,73543336
71	料	253	378	0,04010982	87,77554318
71	認	253	378	0,04010982	87,81565300
70	授	254	381	0,03954489	87,85519789
70	王	254	381	0,03954489	87,89474279
70	風	254	381	0,03954489	87,93428768
69	噂	255	384	0,03897997	87,97326765
69	暗	255	384	0,03897997	88,01224762
69	朝	255	384	0,03897997	88,05122759
69	育	255	384	0,03897997	88,09020755
69	騒	255	384	0,03897997	88,12918752
68	平	256	389	0,03841504	88,16760256
68	応	256	389	0,03841504	88,20601760
68	果	256	389	0,03841504	88,24443264
68	歩	256	389	0,03841504	88,28284768
68	週	256	389	0,03841504	88,32126272
67	三	257	394	0,03785011	88,35911284
67	参	257	394	0,03785011	88,39696295
67	吹	257	394	0,03785011	88,43481307
67	謝	257	394	0,03785011	88,47266318
67	車	257	394	0,03785011	88,51051329
67	黙	257	394	0,03785011	88,54836341
66	固	258	400	0,03728519	88,58564859
66	怪	258	400	0,03728519	88,62293378
66	消	258	400	0,03728519	88,66021897
66	証	258	400	0,03728519	88,69750415
65	社	259	404	0,03672026	88,73422441
65	雄	259	404	0,03672026	88,77094467
65	静	259	404	0,03672026	88,80766493
64	例	260	407	0,03615533	88,84382026
64	偵	260	407	0,03615533	88,87997560
64	客	260	407	0,03615533	88,91613093
64	復	260	407	0,03615533	88,95228626
64	津	260	407	0,03615533	88,98844159
64	点	260	407	0,03615533	89,02459692
64	絡	260	407	0,03615533	89,06075226
64	試	260	407	0,03615533	89,09690759
64	辛	260	407	0,03615533	89,13306292
63	売	261	416	0,03559041	89,16865333
63	抜	261	416	0,03559041	89,20424373
63	望	261	416	0,03559041	89,23983414
63	済	261	416	0,03559041	89,27542454
63	都	261	416	0,03559041	89,31101495
62	普	262	421	0,03502548	89,34604043
62	興	262	421	0,03502548	89,38106590
62	験	262	421	0,03502548	89,41609138
61	弱	263	424	0,03446055	89,45055193
61	掛	263	424	0,03446055	89,48501248
61	機	263	424	0,03446055	89,51947304
61	談	263	424	0,03446055	89,55393359
61	遅	263	424	0,03446055	89,58839414
60	置	264	429	0,03389562	89,62228976
59	冷	265	430	0,03333070	89,65562046
59	台	265	430	0,03333070	89,68895116
59	土	265	430	0,03333070	89,72228185
59	悲	265	430	0,03333070	89,75561255
59	許	265	430	0,03333070	89,78894325
59	説	265	430	0,03333070	89,82227394
59	負	265	430	0,03333070	89,85560464
58	姿	266	437	0,03276577	89,88837041
58	字	266	437	0,03276577	89,92113618
58	辺	266	437	0,03276577	89,95390195
57	半	267	440	0,03220084	89,98610279
57	危	267	440	0,03220084	90,01830364
57	告	267	440	0,03220084	90,05050448
57	断	267	440	0,03220084	90,08270532
57	紙	267	440	0,03220084	90,11490617
57	被	267	440	0,03220084	90,14710701
56	害	268	446	0,03163592	90,17874292
56	念	268	446	0,03163592	90,21037884
56	息	268	446	0,03163592	90,24201476
56	走	268	446	0,03163592	90,27365067
55	住	269	450	0,03107099	90,30472166
55	姉	269	450	0,03107099	90,33579265
55	故	269	450	0,03107099	90,36686364
55	服	269	450	0,03107099	90,39793463
55	格	269	450	0,03107099	90,42900562
55	水	269	450	0,03107099	90,46007660
55	追	269	450	0,03107099	90,49114759
55	難	269	450	0,03107099	90,52221858
54	渡	270	458	0,03050606	90,55272464
53	加	271	459	0,02994113	90,58266578
53	去	271	459	0,02994113	90,61260691
53	品	271	459	0,02994113	90,64254805
53	微	271	459	0,02994113	90,67248918
53	惑	271	459	0,02994113	90,70243032
53	材	271	459	0,02994113	90,73237145
53	祭	271	459	0,02994113	90,76231259
53	読	271	459	0,02994113	90,79225372
53	赤	271	459	0,02994113	90,82219485
52	夢	272	468	0,02937621	90,85157106
52	毎	272	468	0,02937621	90,88094727
52	途	272	468	0,02937621	90,91032348
51	奴	273	471	0,02881128	90,93913476
51	局	273	471	0,02881128	90,96794604
51	春	273	471	0,02881128	90,99675732
51	更	273	471	0,02881128	91,02556860
51	末	273	471	0,02881128	91,05437988
51	迷	273	471	0,02881128	91,08319116
50	我	274	477	0,02824635	91,11143751
50	訊	274	477	0,02824635	91,13968387
50	記	274	477	0,02824635	91,16793022
50	際	274	477	0,02824635	91,19617657
49	在	275	481	0,02768143	91,22385800
49	夏	275	481	0,02768143	91,25153943
48	主	276	483	0,02711650	91,27865593
48	像	276	483	0,02711650	91,30577242
48	割	276	483	0,02711650	91,33288892
48	国	276	483	0,02711650	91,36000542
48	怒	276	483	0,02711650	91,38712192
48	支	276	483	0,02711650	91,41423842
48	越	276	483	0,02711650	91,44135492
47	妙	277	490	0,02655157	91,46790649
47	影	277	490	0,02655157	91,49445807
47	焦	277	490	0,02655157	91,52100964
47	議	277	490	0,02655157	91,54756121
46	単	278	494	0,02598665	91,57354785
46	幸	278	494	0,02598665	91,59953450
46	徒	278	494	0,02598665	91,62552115
45	反	279	497	0,02542172	91,65094286
45	常	279	497	0,02542172	91,67636458
45	片	279	497	0,02542172	91,70178630
45	狙	279	497	0,02542172	91,72720802
45	腐	279	497	0,02542172	91,75262974
45	触	279	497	0,02542172	91,77805145
44	供	280	503	0,02485679	91,80290824
44	刑	280	503	0,02485679	91,82776504
44	未	280	503	0,02485679	91,85262183
44	盛	280	503	0,02485679	91,87747862
44	謎	280	503	0,02485679	91,90233541
44	退	280	503	0,02485679	91,92719220
43	存	281	509	0,02429186	91,95148406
43	形	281	509	0,02429186	91,97577593
43	悔	281	509	0,02429186	92,00006779
43	押	281	509	0,02429186	92,02435966
43	注	281	509	0,02429186	92,04865152
43	満	281	509	0,02429186	92,07294338
43	逆	281	509	0,02429186	92,09723525
43	遺	281	509	0,02429186	92,12152711
43	離	281	509	0,02429186	92,14581897
42	共	282	518	0,02372694	92,16954591
42	宅	282	518	0,02372694	92,19327285
42	掴	282	518	0,02372694	92,21699979
42	揃	282	518	0,02372694	92,24072672
42	暴	282	518	0,02372694	92,26445366
42	氏	282	518	0,02372694	92,28818060
42	礼	282	518	0,02372694	92,31190753
42	繋	282	518	0,02372694	92,33563447
42	識	282	518	0,02372694	92,35936141
41	余	283	527	0,02316201	92,38252342
41	奈	283	527	0,02316201	92,40568543
41	将	283	527	0,02316201	92,42884744
41	師	283	527	0,02316201	92,45200945
41	沖	283	527	0,02316201	92,47517146
41	法	283	527	0,02316201	92,49833347
41	浮	283	527	0,02316201	92,52149547
41	火	283	527	0,02316201	92,54465748
41	計	283	527	0,02316201	92,56781949
40	哀	284	536	0,02259708	92,59041658
40	態	284	536	0,02259708	92,61301366
40	振	284	536	0,02259708	92,63561074
40	昔	284	536	0,02259708	92,65820783
40	焼	284	536	0,02259708	92,68080491
40	照	284	536	0,02259708	92,70340199
40	突	284	536	0,02259708	92,72599907
40	細	284	536	0,02259708	92,74859616
40	肩	284	536	0,02259708	92,77119324
40	詞	284	536	0,02259708	92,79379032
39	交	285	546	0,02203216	92,81582248
39	寄	285	546	0,02203216	92,83785463
39	慣	285	546	0,02203216	92,85988679
39	河	285	546	0,02203216	92,88191894
39	況	285	546	0,02203216	92,90395110
39	為	285	546	0,02203216	92,92598326
39	迎	285	546	0,02203216	92,94801541
39	頷	285	546	0,02203216	92,97004757
39	鮫	285	546	0,02203216	92,99207972
38	周	286	555	0,02146723	93,01354695
38	弁	286	555	0,02146723	93,03501418
38	恐	286	555	0,02146723	93,05648141
38	捨	286	555	0,02146723	93,07794864
38	有	286	555	0,02146723	93,09941587
38	豆	286	555	0,02146723	93,12088309
38	質	286	555	0,02146723	93,14235032
37	円	287	562	0,02090230	93,16325262
37	隠	287	562	0,02090230	93,18415493
36	午	288	564	0,02033737	93,20449230
36	左	288	564	0,02033737	93,22482967
36	熱	288	564	0,02033737	93,24516705
36	若	288	564	0,02033737	93,26550442
36	視	288	564	0,02033737	93,28584180
36	訓	288	564	0,02033737	93,30617917
36	馬	288	564	0,02033737	93,32651655
36	駅	288	564	0,02033737	93,34685392
35	奥	289	572	0,01977245	93,36662637
35	宿	289	572	0,01977245	93,38639882
35	審	289	572	0,01977245	93,40617126
35	掃	289	572	0,01977245	93,42594371
35	減	289	572	0,01977245	93,44571616
35	温	289	572	0,01977245	93,46548861
35	画	289	572	0,01977245	93,48526105
35	眠	289	572	0,01977245	93,50503350
35	線	289	572	0,01977245	93,52480595
35	舎	289	572	0,01977245	93,54457839
34	具	290	582	0,01920752	93,56378592
34	利	290	582	0,01920752	93,58299344
34	差	290	582	0,01920752	93,60220096
34	推	290	582	0,01920752	93,62140848
34	罪	290	582	0,01920752	93,64061600
34	遣	290	582	0,01920752	93,65982352
34	飲	290	582	0,01920752	93,67903104
33	処	291	589	0,01864259	93,69767363
33	囲	291	589	0,01864259	93,71631622
33	広	291	589	0,01864259	93,73495882
33	暮	291	589	0,01864259	93,75360141
33	混	291	589	0,01864259	93,77224400
33	珍	291	589	0,01864259	93,79088660
33	申	291	589	0,01864259	93,80952919
33	茶	291	589	0,01864259	93,82817178
33	裏	291	589	0,01864259	93,84681438
33	響	291	589	0,01864259	93,86545697
32	修	292	599	0,01807767	93,88353464
32	個	292	599	0,01807767	93,90161230
32	因	292	599	0,01807767	93,91968997
32	夕	292	599	0,01807767	93,93776763
32	打	292	599	0,01807767	93,95584530
32	板	292	599	0,01807767	93,97392297
32	染	292	599	0,01807767	93,99200063
32	歌	292	599	0,01807767	94,01007830
32	異	292	599	0,01807767	94,02815597
32	経	292	599	0,01807767	94,04623363
32	限	292	599	0,01807767	94,06431130
32	飛	292	599	0,01807767	94,08238896
31	喜	293	611	0,01751274	94,09990170
31	増	293	611	0,01751274	94,11741444
31	寒	293	611	0,01751274	94,13492718
31	座	293	611	0,01751274	94,15243992
31	忙	293	611	0,01751274	94,16995266
31	腹	293	611	0,01751274	94,18746540
31	華	293	611	0,01751274	94,20497814
31	超	293	611	0,01751274	94,22249088
31	適	293	611	0,01751274	94,24000362
31	駄	293	611	0,01751274	94,25751635
31	驚	293	611	0,01751274	94,27502909
30	万	294	622	0,01694781	94,29197691
30	廊	294	622	0,01694781	94,30892472
30	接	294	622	0,01694781	94,32587253
30	泊	294	622	0,01694781	94,34282034
30	清	294	622	0,01694781	94,35976815
30	科	294	622	0,01694781	94,37671597
30	邪	294	622	0,01694781	94,39366378
29	側	295	629	0,01638288	94,41004666
29	再	295	629	0,01638288	94,42642955
29	悩	295	629	0,01638288	94,44281243
29	根	295	629	0,01638288	94,45919532
29	盗	295	629	0,01638288	94,47557820
29	薬	295	629	0,01638288	94,49196109
29	魚	295	629	0,01638288	94,50834397
28	冗	296	636	0,01581796	94,52416193
28	協	296	636	0,01581796	94,53997989
28	基	296	636	0,01581796	94,55579785
28	席	296	636	0,01581796	94,57161580
28	懸	296	636	0,01581796	94,58743376
28	拐	296	636	0,01581796	94,60325172
28	散	296	636	0,01581796	94,61906968
28	第	296	636	0,01581796	94,63488764
28	粉	296	636	0,01581796	94,65070559
28	飯	296	636	0,01581796	94,66652355
27	健	297	646	0,01525303	94,68177658
27	働	297	646	0,01525303	94,69702961
27	勘	297	646	0,01525303	94,71228264
27	史	297	646	0,01525303	94,72753568
27	士	297	646	0,01525303	94,74278871
27	慢	297	646	0,01525303	94,75804174
27	敵	297	646	0,01525303	94,77329477
27	曜	297	646	0,01525303	94,78854780
27	痛	297	646	0,01525303	94,80380083
27	秘	297	646	0,01525303	94,81905386
27	等	297	646	0,01525303	94,83430689
27	背	297	646	0,01525303	94,84955992
27	酒	297	646	0,01525303	94,86481295
27	魔	297	646	0,01525303	94,88006598
27	鼻	297	646	0,01525303	94,89531901
26	井	298	661	0,01468810	94,91000712
26	価	298	661	0,01468810	94,92469522
26	偶	298	661	0,01468810	94,93938333
26	制	298	661	0,01468810	94,95407143
26	婚	298	661	0,01468810	94,96875953
26	敗	298	661	0,01468810	94,98344764
26	敬	298	661	0,01468810	94,99813574
26	晩	298	661	0,01468810	95,01282384
26	潰	298	661	0,01468810	95,02751195
26	独	298	661	0,01468810	95,04220005
26	甘	298	661	0,01468810	95,05688816
26	示	298	661	0,01468810	95,07157626
26	票	298	661	0,01468810	95,08626436
26	程	298	661	0,01468810	95,10095247
26	童	298	661	0,01468810	95,11564057
26	詳	298	661	0,01468810	95,13032867
26	首	298	661	0,01468810	95,14501678
26	香	298	661	0,01468810	95,15970488
25	両	299	679	0,01412318	95,17382806
25	光	299	679	0,01412318	95,18795124
25	娘	299	679	0,01412318	95,20207441
25	投	299	679	0,01412318	95,21619759
25	担	299	679	0,01412318	95,23032077
25	極	299	679	0,01412318	95,24444394
25	汗	299	679	0,01412318	95,25856712
25	祖	299	679	0,01412318	95,27269030
25	筋	299	679	0,01412318	95,28681347
25	系	299	679	0,01412318	95,30093665
25	険	299	679	0,01412318	95,31505983
24	届	300	690	0,01355825	95,32861808
24	恋	300	690	0,01355825	95,34217633
24	抱	300	690	0,01355825	95,35573457
24	拠	300	690	0,01355825	95,36929282
24	求	300	690	0,01355825	95,38285107
24	涙	300	690	0,01355825	95,39640932
24	石	300	690	0,01355825	95,40996757
24	端	300	690	0,01355825	95,42352582
24	胸	300	690	0,01355825	95,43708407
24	芽	300	690	0,01355825	95,45064232
24	袋	300	690	0,01355825	95,46420057
23	丸	301	701	0,01299332	95,47719389
23	傷	301	701	0,01299332	95,49018722
23	器	301	701	0,01299332	95,50318054
23	宜	301	701	0,01299332	95,51617386
23	歳	301	701	0,01299332	95,52916718
23	段	301	701	0,01299332	95,54216051
23	毒	301	701	0,01299332	95,55515383
23	疎	301	701	0,01299332	95,56814715
23	筈	301	701	0,01299332	95,58114047
23	箱	301	701	0,01299332	95,59413380
23	節	301	701	0,01299332	95,60712712
23	舞	301	701	0,01299332	95,62012044
23	英	301	701	0,01299332	95,63311377
23	資	301	701	0,01299332	95,64610709
23	路	301	701	0,01299332	95,65910041
23	迫	301	701	0,01299332	95,67209373
22	値	302	717	0,01242840	95,68452213
22	偉	302	717	0,01242840	95,69695052
22	奇	302	717	0,01242840	95,70937892
22	封	302	717	0,01242840	95,72180731
22	工	302	717	0,01242840	95,73423571
22	改	302	717	0,01242840	95,74666411
22	毛	302	717	0,01242840	95,75909250
22	泉	302	717	0,01242840	95,77152090
22	球	302	717	0,01242840	95,78394929
22	禁	302	717	0,01242840	95,79637769
22	移	302	717	0,01242840	95,80880608
22	級	302	717	0,01242840	95,82123448
22	紹	302	717	0,01242840	95,83366287
22	義	302	717	0,01242840	95,84609127
22	職	302	717	0,01242840	95,85851967
22	観	302	717	0,01242840	95,87094806
22	論	302	717	0,01242840	95,88337646
22	踪	302	717	0,01242840	95,89580485
22	非	302	717	0,01242840	95,90823325
21	刻	303	736	0,01186347	95,92009672
21	密	303	736	0,01186347	95,93196018
21	帯	303	736	0,01186347	95,94382365
21	挑	303	736	0,01186347	95,95568712
21	昼	303	736	0,01186347	95,96755059
21	案	303	736	0,01186347	95,97941406
21	留	303	736	0,01186347	95,99127753
21	継	303	736	0,01186347	96,00314099
21	緊	303	736	0,01186347	96,01500446
21	芸	303	736	0,01186347	96,02686793
21	補	303	736	0,01186347	96,03873140
21	誤	303	736	0,01186347	96,05059487
21	谷	303	736	0,01186347	96,06245834
21	貰	303	736	0,01186347	96,07432181
21	貼	303	736	0,01186347	96,08618527
21	遭	303	736	0,01186347	96,09804874
21	閉	303	736	0,01186347	96,10991221
20	勢	304	753	0,01129854	96,12121075
20	号	304	753	0,01129854	96,13250929
20	否	304	753	0,01129854	96,14380783
20	喫	304	753	0,01129854	96,15510638
20	嘘	304	753	0,01129854	96,16640492
20	団	304	753	0,01129854	96,17770346
20	委	304	753	0,01129854	96,18900200
20	庭	304	753	0,01129854	96,20030054
20	御	304	753	0,01129854	96,21159908
20	揚	304	753	0,01129854	96,22289762
20	撃	304	753	0,01129854	96,23419617
20	漢	304	753	0,01129854	96,24549471
20	簡	304	753	0,01129854	96,25679325
20	聴	304	753	0,01129854	96,26809179
20	臭	304	753	0,01129854	96,27939033
20	虫	304	753	0,01129854	96,29068887
20	貸	304	753	0,01129854	96,30198741
20	辞	304	753	0,01129854	96,31328595
19	公	305	771	0,01073361	96,32401957
19	冠	305	771	0,01073361	96,33475318
19	努	305	771	0,01073361	96,34548680
19	医	305	771	0,01073361	96,35622041
19	厳	305	771	0,01073361	96,36695403
19	導	305	771	0,01073361	96,37768764
19	巻	305	771	0,01073361	96,38842125
19	志	305	771	0,01073361	96,39915487
19	恨	305	771	0,01073361	96,40988848
19	択	305	771	0,01073361	96,42062210
19	派	305	771	0,01073361	96,43135571
19	濃	305	771	0,01073361	96,44208933
19	精	305	771	0,01073361	96,45282294
19	繰	305	771	0,01073361	96,46355655
19	署	305	771	0,01073361	96,47429017
19	脅	305	771	0,01073361	96,48502378
19	血	305	771	0,01073361	96,49575740
19	詰	305	771	0,01073361	96,50649101
19	誕	305	771	0,01073361	96,51722463
19	辰	305	771	0,01073361	96,52795824
19	銭	305	771	0,01073361	96,53869185
19	青	305	771	0,01073361	96,54942547
18	並	306	793	0,01016869	96,55959416
18	判	306	793	0,01016869	96,56976284
18	務	306	793	0,01016869	96,57993153
18	婆	306	793	0,01016869	96,59010022
18	屈	306	793	0,01016869	96,60026891
18	康	306	793	0,01016869	96,61043759
18	才	306	793	0,01016869	96,62060628
18	拶	306	793	0,01016869	96,63077497
18	挨	306	793	0,01016869	96,64094365
18	撮	306	793	0,01016869	96,65111234
18	易	306	793	0,01016869	96,66128103
18	替	306	793	0,01016869	96,67144972
18	納	306	793	0,01016869	96,68161840
18	致	306	793	0,01016869	96,69178709
18	装	306	793	0,01016869	96,70195578
18	角	306	793	0,01016869	96,71212446
18	諦	306	793	0,01016869	96,72229315
18	賞	306	793	0,01016869	96,73246184
18	軽	306	793	0,01016869	96,74263053
18	雑	306	793	0,01016869	96,75279921
18	震	306	793	0,01016869	96,76296790
17	低	307	814	0,00960376	96,77257166
17	効	307	814	0,00960376	96,78217542
17	唇	307	814	0,00960376	96,79177918
17	図	307	814	0,00960376	96,80138294
17	型	307	814	0,00960376	96,81098670
17	式	307	814	0,00960376	96,82059046
17	抑	307	814	0,00960376	96,83019422
17	握	307	814	0,00960376	96,83979798
17	敷	307	814	0,00960376	96,84940174
17	旦	307	814	0,00960376	96,85900550
17	暑	307	814	0,00960376	96,86860926
17	殴	307	814	0,00960376	96,87821302
17	治	307	814	0,00960376	96,88781678
17	煮	307	814	0,00960376	96,89742054
17	裁	307	814	0,00960376	96,90702430
17	跡	307	814	0,00960376	96,91662806
17	隣	307	814	0,00960376	96,92623182
17	黄	307	814	0,00960376	96,93583558
16	乱	308	832	0,00903883	96,94487442
16	労	308	832	0,00903883	96,95391325
16	古	308	832	0,00903883	96,96295208
16	展	308	832	0,00903883	96,97199092
16	布	308	832	0,00903883	96,98102975
16	技	308	832	0,00903883	96,99006858
16	挙	308	832	0,00903883	96,99910742
16	換	308	832	0,00903883	97,00814625
16	携	308	832	0,00903883	97,01718508
16	星	308	832	0,00903883	97,02622391
16	杯	308	832	0,00903883	97,03526275
16	枚	308	832	0,00903883	97,04430158
16	油	308	832	0,00903883	97,05334041
16	登	308	832	0,00903883	97,06237925
16	短	308	832	0,00903883	97,07141808
16	訪	308	832	0,00903883	97,08045691
16	象	308	832	0,00903883	97,08949575
16	責	308	832	0,00903883	97,09853458
16	賽	308	832	0,00903883	97,10757341
16	輝	308	832	0,00903883	97,11661225
16	飽	308	832	0,00903883	97,12565108
15	便	309	853	0,00847391	97,13412498
15	停	309	853	0,00847391	97,14259889
15	写	309	853	0,00847391	97,15107280
15	剣	309	853	0,00847391	97,15954670
15	励	309	853	0,00847391	97,16802061
15	包	309	853	0,00847391	97,17649451
15	喋	309	853	0,00847391	97,18496842
15	姫	309	853	0,00847391	97,19344233
15	希	309	853	0,00847391	97,20191623
15	惣	309	853	0,00847391	97,21039014
15	憎	309	853	0,00847391	97,21886404
15	懐	309	853	0,00847391	97,22733795
15	護	309	853	0,00847391	97,23581186
15	遂	309	853	0,00847391	97,24428576
15	闘	309	853	0,00847391	97,25275967
15	預	309	853	0,00847391	97,26123357
15	鹿	309	853	0,00847391	97,26970748
14	了	310	870	0,00790898	97,27761646
14	位	310	870	0,00790898	97,28552544
14	倫	310	870	0,00790898	97,29343442
14	北	310	870	0,00790898	97,30134340
14	厚	310	870	0,00790898	97,30925238
14	各	310	870	0,00790898	97,31716135
14	妹	310	870	0,00790898	97,32507033
14	崩	310	870	0,00790898	97,33297931
14	己	310	870	0,00790898	97,34088829
14	底	310	870	0,00790898	97,34879727
14	扱	310	870	0,00790898	97,35670625
14	揺	310	870	0,00790898	97,36461523
14	整	310	870	0,00790898	97,37252421
14	林	310	870	0,00790898	97,38043319
14	浴	310	870	0,00790898	97,38834217
14	熊	310	870	0,00790898	97,39625114
14	瞬	310	870	0,00790898	97,40416012
14	米	310	870	0,00790898	97,41206910
14	荷	310	870	0,00790898	97,41997808
14	虚	310	870	0,00790898	97,42788706
14	術	310	870	0,00790898	97,43579604
14	設	310	870	0,00790898	97,44370502
14	評	310	870	0,00790898	97,45161400
14	逮	310	870	0,00790898	97,45952298
14	除	310	870	0,00790898	97,46743195
14	階	310	870	0,00790898	97,47534093
14	類	310	870	0,00790898	97,48324991
14	髪	310	870	0,00790898	97,49115889
13	丁	311	898	0,00734405	97,49850294
13	亡	311	898	0,00734405	97,50584700
13	収	311	898	0,00734405	97,51319105
13	呂	311	898	0,00734405	97,52053510
13	圧	311	898	0,00734405	97,52787915
13	愚	311	898	0,00734405	97,53522320
13	慌	311	898	0,00734405	97,54256725
13	慎	311	898	0,00734405	97,54991131
13	憧	311	898	0,00734405	97,55725536
13	払	311	898	0,00734405	97,56459941
13	折	311	898	0,00734405	97,57194346
13	招	311	898	0,00734405	97,57928751
13	景	311	898	0,00734405	97,58663157
13	柄	311	898	0,00734405	97,59397562
13	歓	311	898	0,00734405	97,60131967
13	歯	311	898	0,00734405	97,60866372
13	泳	311	898	0,00734405	97,61600777
13	源	311	898	0,00734405	97,62335183
13	看	311	898	0,00734405	97,63069588
13	索	311	898	0,00734405	97,63803993
13	績	311	898	0,00734405	97,64538398
13	脱	311	898	0,00734405	97,65272803
13	薦	311	898	0,00734405	97,66007208
13	複	311	898	0,00734405	97,66741614
13	酢	311	898	0,00734405	97,67476019
13	防	311	898	0,00734405	97,68210424
13	頂	311	898	0,00734405	97,68944829
12	倍	312	925	0,00677912	97,69622742
12	傍	312	925	0,00677912	97,70300654
12	凶	312	925	0,00677912	97,70978567
12	即	312	925	0,00677912	97,71656479
12	句	312	925	0,00677912	97,72334392
12	吸	312	925	0,00677912	97,73012304
12	壊	312	925	0,00677912	97,73690217
12	弟	312	925	0,00677912	97,74368129
12	快	312	925	0,00677912	97,75046042
12	憶	312	925	0,00677912	97,75723954
12	搬	312	925	0,00677912	97,76401867
12	政	312	925	0,00677912	97,77079779
12	施	312	925	0,00677912	97,77757691
12	柊	312	925	0,00677912	97,78435604
12	棒	312	925	0,00677912	97,79113516
12	歴	312	925	0,00677912	97,79791429
12	氷	312	925	0,00677912	97,80469341
12	測	312	925	0,00677912	97,81147254
12	溜	312	925	0,00677912	97,81825166
12	玄	312	925	0,00677912	97,82503079
12	締	312	925	0,00677912	97,83180991
12	腕	312	925	0,00677912	97,83858904
12	菓	312	925	0,00677912	97,84536816
12	薄	312	925	0,00677912	97,85214729
12	衣	312	925	0,00677912	97,85892641
12	襲	312	925	0,00677912	97,86570554
12	講	312	925	0,00677912	97,87248466
12	貯	312	925	0,00677912	97,87926379
12	趣	312	925	0,00677912	97,88604291
12	躍	312	925	0,00677912	97,89282204
12	鍛	312	925	0,00677912	97,89960116
12	雰	312	925	0,00677912	97,90638029
12	麦	312	925	0,00677912	97,91315941
11	与	313	958	0,00621420	97,91937361
11	争	313	958	0,00621420	97,92558781
11	仮	313	958	0,00621420	97,93180200
11	企	313	958	0,00621420	97,93801620
11	借	313	958	0,00621420	97,94423040
11	剛	313	958	0,00621420	97,95044460
11	募	313	958	0,00621420	97,95665880
11	勤	313	958	0,00621420	97,96287299
11	匂	313	958	0,00621420	97,96908719
11	印	313	958	0,00621420	97,97530139
11	園	313	958	0,00621420	97,98151559
11	央	313	958	0,00621420	97,98772978
11	奪	313	958	0,00621420	97,99394398
11	季	313	958	0,00621420	98,00015818
11	尽	313	958	0,00621420	98,00637238
11	憩	313	958	0,00621420	98,01258658
11	戸	313	958	0,00621420	98,01880077
11	提	313	958	0,00621420	98,02501497
11	既	313	958	0,00621420	98,03122917
11	検	313	958	0,00621420	98,03744337
11	標	313	958	0,00621420	98,04365756
11	権	313	958	0,00621420	98,04987176
11	沈	313	958	0,00621420	98,05608596
11	洗	313	958	0,00621420	98,06230016
11	灯	313	958	0,00621420	98,06851435
11	玉	313	958	0,00621420	98,07472855
11	産	313	958	0,00621420	98,08094275
11	省	313	958	0,00621420	98,08715695
11	称	313	958	0,00621420	98,09337115
11	穏	313	958	0,00621420	98,09958534
11	褒	313	958	0,00621420	98,10579954
11	販	313	958	0,00621420	98,11201374
11	賭	313	958	0,00621420	98,11822794
11	載	313	958	0,00621420	98,12444213
11	避	313	958	0,00621420	98,13065633
11	飴	313	958	0,00621420	98,13687053
11	騙	313	958	0,00621420	98,14308473
10	互	314	995	0,00564927	98,14873400
10	冬	314	995	0,00564927	98,15438327
10	功	314	995	0,00564927	98,16003254
10	叶	314	995	0,00564927	98,16568181
10	含	314	995	0,00564927	98,17133108
10	呆	314	995	0,00564927	98,17698035
10	堅	314	995	0,00564927	98,18262962
10	境	314	995	0,00564927	98,18827889
10	妻	314	995	0,00564927	98,19392816
10	巡	314	995	0,00564927	98,19957743
10	干	314	995	0,00564927	98,20522671
10	幾	314	995	0,00564927	98,21087598
10	建	314	995	0,00564927	98,21652525
10	抗	314	995	0,00564927	98,22217452
10	模	314	995	0,00564927	98,22782379
10	比	314	995	0,00564927	98,23347306
10	潜	314	995	0,00564927	98,23912233
10	激	314	995	0,00564927	98,24477160
10	牲	314	995	0,00564927	98,25042087
10	犠	314	995	0,00564927	98,25607014
10	班	314	995	0,00564927	98,26171941
10	皇	314	995	0,00564927	98,26736868
10	眩	314	995	0,00564927	98,27301795
10	磨	314	995	0,00564927	98,27866722
10	礎	314	995	0,00564927	98,28431649
10	祝	314	995	0,00564927	98,28996577
10	福	314	995	0,00564927	98,29561504
10	積	314	995	0,00564927	98,30126431
10	給	314	995	0,00564927	98,30691358
10	縁	314	995	0,00564927	98,31256285
10	葛	314	995	0,00564927	98,31821212
10	酷	314	995	0,00564927	98,32386139
10	酸	314	995	0,00564927	98,32951066
10	量	314	995	0,00564927	98,33515993
10	鎧	314	995	0,00564927	98,34080920
10	門	314	995	0,00564927	98,34645847
10	闇	314	995	0,00564927	98,35210774
10	露	314	995	0,00564927	98,35775701
10	鮮	314	995	0,00564927	98,36340628
9	丼	315	1034	0,00508434	98,36849063
9	候	315	1034	0,00508434	98,37357497
9	到	315	1034	0,00508434	98,37865932
9	叔	315	1034	0,00508434	98,38374366
9	喪	315	1034	0,00508434	98,38882800
9	噛	315	1034	0,00508434	98,39391235
9	墓	315	1034	0,00508434	98,39899669
9	奮	315	1034	0,00508434	98,40408103
9	妬	315	1034	0,00508434	98,40916538
9	孤	315	1034	0,00508434	98,41424972
9	寺	315	1034	0,00508434	98,41933406
9	専	315	1034	0,00508434	98,42441841
9	尊	315	1034	0,00508434	98,42950275
9	徴	315	1034	0,00508434	98,43458709
9	悟	315	1034	0,00508434	98,43967144
9	患	315	1034	0,00508434	98,44475578
9	慰	315	1034	0,00508434	98,44984013
9	拾	315	1034	0,00508434	98,45492447
9	捻	315	1034	0,00508434	98,46000881
9	掲	315	1034	0,00508434	98,46509316
9	曲	315	1034	0,00508434	98,47017750
9	森	315	1034	0,00508434	98,47526184
9	橘	315	1034	0,00508434	98,48034619
9	欠	315	1034	0,00508434	98,48543053
9	武	315	1034	0,00508434	98,49051487
9	民	315	1034	0,00508434	98,49559922
9	江	315	1034	0,00508434	98,50068356
9	湯	315	1034	0,00508434	98,50576791
9	滅	315	1034	0,00508434	98,51085225
9	燃	315	1034	0,00508434	98,51593659
9	狂	315	1034	0,00508434	98,52102094
9	益	315	1034	0,00508434	98,52610528
9	砂	315	1034	0,00508434	98,53118962
9	破	315	1034	0,00508434	98,53627397
9	糖	315	1034	0,00508434	98,54135831
9	純	315	1034	0,00508434	98,54644265
9	繁	315	1034	0,00508434	98,55152700
9	舗	315	1034	0,00508434	98,55661134
9	藤	315	1034	0,00508434	98,56169569
9	診	315	1034	0,00508434	98,56678003
9	豚	315	1034	0,00508434	98,57186437
9	豪	315	1034	0,00508434	98,57694872
9	述	315	1034	0,00508434	98,58203306
9	速	315	1034	0,00508434	98,58711740
9	那	315	1034	0,00508434	98,59220175
9	酔	315	1034	0,00508434	98,59728609
9	随	315	1034	0,00508434	98,60237043
9	馴	315	1034	0,00508434	98,60745478
9	骨	315	1034	0,00508434	98,61253912
9	鳥	315	1034	0,00508434	98,61762346
8	乳	316	1084	0,00451942	98,62214288
8	傘	316	1084	0,00451942	98,62666230
8	児	316	1084	0,00451942	98,63118171
8	卒	316	1084	0,00451942	98,63570113
8	叫	316	1084	0,00451942	98,64022055
8	吐	316	1084	0,00451942	98,64473996
8	呪	316	1084	0,00451942	98,64925938
8	善	316	1084	0,00451942	98,65377880
8	堪	316	1084	0,00451942	98,65829821
8	壁	316	1084	0,00451942	98,66281763
8	嫉	316	1084	0,00451942	98,66733705
8	官	316	1084	0,00451942	98,67185646
8	寿	316	1084	0,00451942	98,67637588
8	律	316	1084	0,00451942	98,68089530
8	従	316	1084	0,00451942	98,68541471
8	忍	316	1084	0,00451942	98,68993413
8	怯	316	1084	0,00451942	98,69445355
8	援	316	1084	0,00451942	98,69897296
8	損	316	1084	0,00451942	98,70349238
8	是	316	1084	0,00451942	98,70801180
8	植	316	1084	0,00451942	98,71253121
8	湧	316	1084	0,00451942	98,71705063
8	烈	316	1084	0,00451942	98,72157005
8	爆	316	1084	0,00451942	98,72608946
8	牛	316	1084	0,00451942	98,73060888
8	狭	316	1084	0,00451942	98,73512829
8	略	316	1084	0,00451942	98,73964771
8	祈	316	1084	0,00451942	98,74416713
8	秋	316	1084	0,00451942	98,74868654
8	筒	316	1084	0,00451942	98,75320596
8	範	316	1084	0,00451942	98,75772538
8	築	316	1084	0,00451942	98,76224479
8	粘	316	1084	0,00451942	98,76676421
8	統	316	1084	0,00451942	98,77128363
8	緑	316	1084	0,00451942	98,77580304
8	腰	316	1084	0,00451942	98,78032246
8	至	316	1084	0,00451942	98,78484188
8	製	316	1084	0,00451942	98,78936129
8	覗	316	1084	0,00451942	98,79388071
8	踏	316	1084	0,00451942	98,79840013
8	蹴	316	1084	0,00451942	98,80291954
8	鈍	316	1084	0,00451942	98,80743896
8	録	316	1084	0,00451942	98,81195838
8	陰	316	1084	0,00451942	98,81647779
8	雲	316	1084	0,00451942	98,82099721
8	順	316	1084	0,00451942	98,82551663
8	飾	316	1084	0,00451942	98,83003604
8	駆	316	1084	0,00451942	98,83455546
8	魅	316	1084	0,00451942	98,83907488
7	七	317	1133	0,00395449	98,84302936
7	伸	317	1133	0,00395449	98,84698385
7	依	317	1133	0,00395449	98,85093834
7	侵	317	1133	0,00395449	98,85489283
7	倣	317	1133	0,00395449	98,85884732
7	催	317	1133	0,00395449	98,86280181
7	刺	317	1133	0,00395449	98,86675630
7	勿	317	1133	0,00395449	98,87071079
7	占	317	1133	0,00395449	98,87466528
7	坊	317	1133	0,00395449	98,87861977
7	契	317	1133	0,00395449	98,88257426
7	孫	317	1133	0,00395449	98,88652875
7	尾	317	1133	0,00395449	98,89048324
7	巾	317	1133	0,00395449	98,89443773
7	幼	317	1133	0,00395449	98,89839222
7	慮	317	1133	0,00395449	98,90234671
7	拒	317	1133	0,00395449	98,90630120
7	拘	317	1133	0,00395449	98,91025569
7	排	317	1133	0,00395449	98,91421018
7	控	317	1133	0,00395449	98,91816466
7	暇	317	1133	0,00395449	98,92211915
7	暖	317	1133	0,00395449	98,92607364
7	曙	317	1133	0,00395449	98,93002813
7	棚	317	1133	0,00395449	98,93398262
7	横	317	1133	0,00395449	98,93793711
7	殿	317	1133	0,00395449	98,94189160
7	汁	317	1133	0,00395449	98,94584609
7	添	317	1133	0,00395449	98,94980058
7	溢	317	1133	0,00395449	98,95375507
7	溶	317	1133	0,00395449	98,95770956
7	漂	317	1133	0,00395449	98,96166405
7	炎	317	1133	0,00395449	98,96561854
7	百	317	1133	0,00395449	98,96957303
7	眼	317	1133	0,00395449	98,97352752
7	種	317	1133	0,00395449	98,97748201
7	耐	317	1133	0,00395449	98,98143650
7	耳	317	1133	0,00395449	98,98539099
7	肌	317	1133	0,00395449	98,98934548
7	肝	317	1133	0,00395449	98,99329996
7	膨	317	1133	0,00395449	98,99725445
7	蔵	317	1133	0,00395449	99,00120894
7	費	317	1133	0,00395449	99,00516343
7	距	317	1133	0,00395449	99,00911792
7	輪	317	1133	0,00395449	99,01307241
7	造	317	1133	0,00395449	99,01702690
7	鉄	317	1133	0,00395449	99,02098139
7	鏡	317	1133	0,00395449	99,02493588
7	霊	317	1133	0,00395449	99,02889037
7	頬	317	1133	0,00395449	99,03284486
7	養	317	1133	0,00395449	99,03679935
7	魂	317	1133	0,00395449	99,04075384
6	令	318	1184	0,00338956	99,04414340
6	伊	318	1184	0,00338956	99,04753296
6	伏	318	1184	0,00338956	99,05092253
6	俵	318	1184	0,00338956	99,05431209
6	偽	318	1184	0,00338956	99,05770165
6	六	318	1184	0,00338956	99,06109121
6	凝	318	1184	0,00338956	99,06448078
6	副	318	1184	0,00338956	99,06787034
6	卵	318	1184	0,00338956	99,07125990
6	塩	318	1184	0,00338956	99,07464946
6	壇	318	1184	0,00338956	99,07803903
6	就	318	1184	0,00338956	99,08142859
6	層	318	1184	0,00338956	99,08481815
6	岩	318	1184	0,00338956	99,08820771
6	庇	318	1184	0,00338956	99,09159727
6	廃	318	1184	0,00338956	99,09498684
6	慨	318	1184	0,00338956	99,09837640
6	憤	318	1184	0,00338956	99,10176596
6	攻	318	1184	0,00338956	99,10515552
6	昧	318	1184	0,00338956	99,10854509
6	暁	318	1184	0,00338956	99,11193465
6	梅	318	1184	0,00338956	99,11532421
6	棄	318	1184	0,00338956	99,11871377
6	汚	318	1184	0,00338956	99,12210334
6	泥	318	1184	0,00338956	99,12549290
6	煙	318	1184	0,00338956	99,12888246
6	症	318	1184	0,00338956	99,13227202
6	皮	318	1184	0,00338956	99,13566159
6	競	318	1184	0,00338956	99,13905115
6	紛	318	1184	0,00338956	99,14244071
6	絞	318	1184	0,00338956	99,14583027
6	航	318	1184	0,00338956	99,14921984
6	般	318	1184	0,00338956	99,15260940
6	菌	318	1184	0,00338956	99,15599896
6	託	318	1184	0,00338956	99,15938852
6	誇	318	1184	0,00338956	99,16277809
6	貫	318	1184	0,00338956	99,16616765
6	辿	318	1184	0,00338956	99,16955721
6	遇	318	1184	0,00338956	99,17294677
6	針	318	1184	0,00338956	99,17633633
6	鑑	318	1184	0,00338956	99,17972590
6	陸	318	1184	0,00338956	99,18311546
6	雫	318	1184	0,00338956	99,18650502
6	領	318	1184	0,00338956	99,18989458
6	麗	318	1184	0,00338956	99,19328415
5	免	319	1229	0,00282464	99,19610878
5	券	319	1229	0,00282464	99,19893342
5	卸	319	1229	0,00282464	99,20175805
5	叱	319	1229	0,00282464	99,20458269
5	司	319	1229	0,00282464	99,20740732
5	呟	319	1229	0,00282464	99,21023196
5	唱	319	1229	0,00282464	99,21305659
5	宛	319	1229	0,00282464	99,21588123
5	富	319	1229	0,00282464	99,21870587
5	寛	319	1229	0,00282464	99,22153050
5	巌	319	1229	0,00282464	99,22435514
5	幕	319	1229	0,00282464	99,22717977
5	庫	319	1229	0,00282464	99,23000441
5	延	319	1229	0,00282464	99,23282904
5	恩	319	1229	0,00282464	99,23565368
5	戯	319	1229	0,00282464	99,23847831
5	扉	319	1229	0,00282464	99,24130295
5	採	319	1229	0,00282464	99,24412758
5	曖	319	1229	0,00282464	99,24695222
5	札	319	1229	0,00282464	99,24977685
5	机	319	1229	0,00282464	99,25260149
5	柔	319	1229	0,00282464	99,25542612
5	核	319	1229	0,00282464	99,25825076
5	棟	319	1229	0,00282464	99,26107540
5	泰	319	1229	0,00282464	99,26390003
5	災	319	1229	0,00282464	99,26672467
5	炊	319	1229	0,00282464	99,26954930
5	犬	319	1229	0,00282464	99,27237394
5	猫	319	1229	0,00282464	99,27519857
5	率	319	1229	0,00282464	99,27802321
5	璧	319	1229	0,00282464	99,28084784
5	甲	319	1229	0,00282464	99,28367248
5	監	319	1229	0,00282464	99,28649711
5	稚	319	1229	0,00282464	99,28932175
5	穴	319	1229	0,00282464	99,29214638
5	窓	319	1229	0,00282464	99,29497102
5	章	319	1229	0,00282464	99,29779565
5	筆	319	1229	0,00282464	99,30062029
5	管	319	1229	0,00282464	99,30344493
5	粋	319	1229	0,00282464	99,30626956
5	糸	319	1229	0,00282464	99,30909420
5	綺	319	1229	0,00282464	99,31191883
5	編	319	1229	0,00282464	99,31474347
5	縛	319	1229	0,00282464	99,31756810
5	縫	319	1229	0,00282464	99,32039274
5	聖	319	1229	0,00282464	99,32321737
5	脳	319	1229	0,00282464	99,32604201
5	膝	319	1229	0,00282464	99,32886664
5	草	319	1229	0,00282464	99,33169128
5	荒	319	1229	0,00282464	99,33451591
5	裕	319	1229	0,00282464	99,33734055
5	覧	319	1229	0,00282464	99,34016518
5	誓	319	1229	0,00282464	99,34298982
5	賛	319	1229	0,00282464	99,34581446
5	賢	319	1229	0,00282464	99,34863909
5	逸	319	1229	0,00282464	99,35146373
5	醤	319	1229	0,00282464	99,35428836
5	銘	319	1229	0,00282464	99,35711300
5	鍋	319	1229	0,00282464	99,35993763
5	鍵	319	1229	0,00282464	99,36276227
5	阻	319	1229	0,00282464	99,36558690
5	障	319	1229	0,00282464	99,36841154
5	靴	319	1229	0,00282464	99,37123617
5	鶏	319	1229	0,00282464	99,37406081
5	麻	319	1229	0,00282464	99,37688544
4	串	320	1294	0,00225971	99,37914515
4	五	320	1294	0,00225971	99,38140486
4	侮	320	1294	0,00225971	99,38366457
4	償	320	1294	0,00225971	99,38592428
4	刃	320	1294	0,00225971	99,38818399
4	匹	320	1294	0,00225971	99,39044369
4	厄	320	1294	0,00225971	99,39270340
4	及	320	1294	0,00225971	99,39496311
4	叩	320	1294	0,00225971	99,39722282
4	召	320	1294	0,00225971	99,39948253
4	右	320	1294	0,00225971	99,40174224
4	噌	320	1294	0,00225971	99,40400194
4	域	320	1294	0,00225971	99,40626165
4	塞	320	1294	0,00225971	99,40852136
4	嬢	320	1294	0,00225971	99,41078107
4	宇	320	1294	0,00225971	99,41304078
4	宗	320	1294	0,00225971	99,41530048
4	射	320	1294	0,00225971	99,41756019
4	巳	320	1294	0,00225971	99,41981990
4	帽	320	1294	0,00225971	99,42207961
4	序	320	1294	0,00225971	99,42433932
4	忠	320	1294	0,00225971	99,42659903
4	恒	320	1294	0,00225971	99,42885873
4	恵	320	1294	0,00225971	99,43111844
4	惚	320	1294	0,00225971	99,43337815
4	惜	320	1294	0,00225971	99,43563786
4	惹	320	1294	0,00225971	99,43789757
4	把	320	1294	0,00225971	99,44015728
4	披	320	1294	0,00225971	99,44241698
4	拗	320	1294	0,00225971	99,44467669
4	拝	320	1294	0,00225971	99,44693640
4	昇	320	1294	0,00225971	99,44919611
4	杖	320	1294	0,00225971	99,45145582
4	柿	320	1294	0,00225971	99,45371553
4	栄	320	1294	0,00225971	99,45597523
4	栗	320	1294	0,00225971	99,45823494
4	樹	320	1294	0,00225971	99,46049465
4	毅	320	1294	0,00225971	99,46275436
4	泌	320	1294	0,00225971	99,46501407
4	洋	320	1294	0,00225971	99,46727377
4	淡	320	1294	0,00225971	99,46953348
4	淹	320	1294	0,00225971	99,47179319
4	渋	320	1294	0,00225971	99,47405290
4	滞	320	1294	0,00225971	99,47631261
4	漏	320	1294	0,00225971	99,47857232
4	潮	320	1294	0,00225971	99,48083202
4	澄	320	1294	0,00225971	99,48309173
4	煽	320	1294	0,00225971	99,48535144
4	献	320	1294	0,00225971	99,48761115
4	環	320	1294	0,00225971	99,48987086
4	県	320	1294	0,00225971	99,49213057
4	眺	320	1294	0,00225971	99,49439027
4	硬	320	1294	0,00225971	99,49664998
4	稼	320	1294	0,00225971	99,49890969
4	究	320	1294	0,00225971	99,50116940
4	竜	320	1294	0,00225971	99,50342911
4	紅	320	1294	0,00225971	99,50568882
4	綿	320	1294	0,00225971	99,50794852
4	繕	320	1294	0,00225971	99,51020823
4	胆	320	1294	0,00225971	99,51246794
4	脂	320	1294	0,00225971	99,51472765
4	臆	320	1294	0,00225971	99,51698736
4	臨	320	1294	0,00225971	99,51924707
4	艦	320	1294	0,00225971	99,52150677
4	詠	320	1294	0,00225971	99,52376648
4	誌	320	1294	0,00225971	99,52602619
4	請	320	1294	0,00225971	99,52828590
4	豊	320	1294	0,00225971	99,53054561
4	貢	320	1294	0,00225971	99,53280531
4	賑	320	1294	0,00225971	99,53506502
4	醒	320	1294	0,00225971	99,53732473
4	額	320	1294	0,00225971	99,53958444
4	鮭	320	1294	0,00225971	99,54184415
3	乾	321	1367	0,00169478	99,54353893
3	伴	321	1367	0,00169478	99,54523371
3	佐	321	1367	0,00169478	99,54692849
3	儲	321	1367	0,00169478	99,54862327
3	克	321	1367	0,00169478	99,55031805
3	凄	321	1367	0,00169478	99,55201284
3	凍	321	1367	0,00169478	99,55370762
3	刀	321	1367	0,00169478	99,55540240
3	則	321	1367	0,00169478	99,55709718
3	創	321	1367	0,00169478	99,55879196
3	区	321	1367	0,00169478	99,56048674
3	卑	321	1367	0,00169478	99,56218152
3	卓	321	1367	0,00169478	99,56387630
3	却	321	1367	0,00169478	99,56557108
3	双	321	1367	0,00169478	99,56726587
3	吊	321	1367	0,00169478	99,56896065
3	呑	321	1367	0,00169478	99,57065543
3	喝	321	1367	0,00169478	99,57235021
3	喰	321	1367	0,00169478	99,57404499
3	営	321	1367	0,00169478	99,57573977
3	圏	321	1367	0,00169478	99,57743455
3	埋	321	1367	0,00169478	99,57912933
3	執	321	1367	0,00169478	99,58082412
3	堰	321	1367	0,00169478	99,58251890
3	墟	321	1367	0,00169478	99,58421368
3	妄	321	1367	0,00169478	99,58590846
3	威	321	1367	0,00169478	99,58760324
3	孝	321	1367	0,00169478	99,58929802
3	宙	321	1367	0,00169478	99,59099280
3	宵	321	1367	0,00169478	99,59268758
3	寸	321	1367	0,00169478	99,59438237
3	尖	321	1367	0,00169478	99,59607715
3	属	321	1367	0,00169478	99,59777193
3	巣	321	1367	0,00169478	99,59946671
3	帝	321	1367	0,00169478	99,60116149
3	幽	321	1367	0,00169478	99,60285627
3	床	321	1367	0,00169478	99,60455105
3	径	321	1367	0,00169478	99,60624583
3	徳	321	1367	0,00169478	99,60794061
3	怠	321	1367	0,00169478	99,60963540
3	愉	321	1367	0,00169478	99,61133018
3	憂	321	1367	0,00169478	99,61302496
3	懲	321	1367	0,00169478	99,61471974
3	戴	321	1367	0,00169478	99,61641452
3	房	321	1367	0,00169478	99,61810930
3	拍	321	1367	0,00169478	99,61980408
3	描	321	1367	0,00169478	99,62149886
3	摘	321	1367	0,00169478	99,62319365
3	撫	321	1367	0,00169478	99,62488843
3	撲	321	1367	0,00169478	99,62658321
3	操	321	1367	0,00169478	99,62827799
3	敏	321	1367	0,00169478	99,62997277
3	斐	321	1367	0,00169478	99,63166755
3	昆	321	1367	0,00169478	99,63336233
3	暦	321	1367	0,00169478	99,63505711
3	曇	321	1367	0,00169478	99,63675190
3	柑	321	1367	0,00169478	99,63844668
3	橋	321	1367	0,00169478	99,64014146
3	殆	321	1367	0,00169478	99,64183624
3	殊	321	1367	0,00169478	99,64353102
3	没	321	1367	0,00169478	99,64522580
3	浅	321	1367	0,00169478	99,64692058
3	涼	321	1367	0,00169478	99,64861536
3	湿	321	1367	0,00169478	99,65031014
3	滑	321	1367	0,00169478	99,65200493
3	滝	321	1367	0,00169478	99,65369971
3	漁	321	1367	0,00169478	99,65539449
3	濡	321	1367	0,00169478	99,65708927
3	濯	321	1367	0,00169478	99,65878405
3	爺	321	1367	0,00169478	99,66047883
3	爽	321	1367	0,00169478	99,66217361
3	療	321	1367	0,00169478	99,66386839
3	皿	321	1367	0,00169478	99,66556318
3	盾	321	1367	0,00169478	99,66725796
3	瞳	321	1367	0,00169478	99,66895274
3	矛	321	1367	0,00169478	99,67064752
3	祉	321	1367	0,00169478	99,67234230
3	税	321	1367	0,00169478	99,67403708
3	窮	321	1367	0,00169478	99,67573186
3	符	321	1367	0,00169478	99,67742664
3	箇	321	1367	0,00169478	99,67912143
3	粗	321	1367	0,00169478	99,68081621
3	粧	321	1367	0,00169478	99,68251099
3	綱	321	1367	0,00169478	99,68420577
3	緩	321	1367	0,00169478	99,68590055
3	縮	321	1367	0,00169478	99,68759533
3	耗	321	1367	0,00169478	99,68929011
3	胃	321	1367	0,00169478	99,69098489
3	腺	321	1367	0,00169478	99,69267968
3	芝	321	1367	0,00169478	99,69437446
3	蓄	321	1367	0,00169478	99,69606924
3	衆	321	1367	0,00169478	99,69776402
3	討	321	1367	0,00169478	99,69945880
3	訴	321	1367	0,00169478	99,70115358
3	詣	321	1367	0,00169478	99,70284836
3	詮	321	1367	0,00169478	99,70454314
3	誠	321	1367	0,00169478	99,70623792
3	諭	321	1367	0,00169478	99,70793271
3	謀	321	1367	0,00169478	99,70962749
3	購	321	1367	0,00169478	99,71132227
3	軍	321	1367	0,00169478	99,71301705
3	還	321	1367	0,00169478	99,71471183
3	郷	321	1367	0,00169478	99,71640661
3	釣	321	1367	0,00169478	99,71810139
3	鋭	321	1367	0,00169478	99,71979617
3	頻	321	1367	0,00169478	99,72149096
3	飼	321	1367	0,00169478	99,72318574
3	鵜	321	1367	0,00169478	99,72488052
3	麺	321	1367	0,00169478	99,72657530
2	乏	322	1476	0,00112985	99,72770515
2	仇	322	1476	0,00112985	99,72883501
2	仏	322	1476	0,00112985	99,72996486
2	偏	322	1476	0,00112985	99,73109472
2	僅	322	1476	0,00112985	99,73222457
2	僧	322	1476	0,00112985	99,73335442
2	儀	322	1476	0,00112985	99,73448428
2	兆	322	1476	0,00112985	99,73561413
2	冊	322	1476	0,00112985	99,73674399
2	冴	322	1476	0,00112985	99,73787384
2	列	322	1476	0,00112985	99,73900369
2	刷	322	1476	0,00112985	99,74013355
2	勧	322	1476	0,00112985	99,74126340
2	只	322	1476	0,00112985	99,74239326
2	咲	322	1476	0,00112985	99,74352311
2	咳	322	1476	0,00112985	99,74465297
2	唸	322	1476	0,00112985	99,74578282
2	喉	322	1476	0,00112985	99,74691267
2	嗅	322	1476	0,00112985	99,74804253
2	嘆	322	1476	0,00112985	99,74917238
2	嚇	322	1476	0,00112985	99,75030224
2	圭	322	1476	0,00112985	99,75143209
2	坂	322	1476	0,00112985	99,75256194
2	塔	322	1476	0,00112985	99,75369180
2	如	322	1476	0,00112985	99,75482165
2	婦	322	1476	0,00112985	99,75595151
2	嫁	322	1476	0,00112985	99,75708136
2	宝	322	1476	0,00112985	99,75821121
2	宴	322	1476	0,00112985	99,75934107
2	寧	322	1476	0,00112985	99,76047092
2	尋	322	1476	0,00112985	99,76160078
2	履	322	1476	0,00112985	99,76273063
2	岸	322	1476	0,00112985	99,76386049
2	峙	322	1476	0,00112985	99,76499034
2	崇	322	1476	0,00112985	99,76612019
2	帳	322	1476	0,00112985	99,76725005
2	幅	322	1476	0,00112985	99,76837990
2	幹	322	1476	0,00112985	99,76950976
2	庁	322	1476	0,00112985	99,77063961
2	弥	322	1476	0,00112985	99,77176946
2	弾	322	1476	0,00112985	99,77289932
2	彰	322	1476	0,00112985	99,77402917
2	往	322	1476	0,00112985	99,77515903
2	徐	322	1476	0,00112985	99,77628888
2	徹	322	1476	0,00112985	99,77741874
2	惨	322	1476	0,00112985	99,77854859
2	戚	322	1476	0,00112985	99,77967844
2	承	322	1476	0,00112985	99,78080830
2	抵	322	1476	0,00112985	99,78193815
2	拳	322	1476	0,00112985	99,78306801
2	挟	322	1476	0,00112985	99,78419786
2	挫	322	1476	0,00112985	99,78532771
2	揮	322	1476	0,00112985	99,78645757
2	撤	322	1476	0,00112985	99,78758742
2	擦	322	1476	0,00112985	99,78871728
2	斬	322	1476	0,00112985	99,78984713
2	昭	322	1476	0,00112985	99,79097698
2	晒	322	1476	0,00112985	99,79210684
2	東	322	1476	0,00112985	99,79323669
2	析	322	1476	0,00112985	99,79436655
2	枕	322	1476	0,00112985	99,79549640
2	架	322	1476	0,00112985	99,79662626
2	株	322	1476	0,00112985	99,79775611
2	械	322	1476	0,00112985	99,79888596
2	棲	322	1476	0,00112985	99,80001582
2	欧	322	1476	0,00112985	99,80114567
2	氾	322	1476	0,00112985	99,80227553
2	汰	322	1476	0,00112985	99,80340538
2	沙	322	1476	0,00112985	99,80453523
2	沿	322	1476	0,00112985	99,80566509
2	泡	322	1476	0,00112985	99,80679494
2	波	322	1476	0,00112985	99,80792480
2	液	322	1476	0,00112985	99,80905465
2	渉	322	1476	0,00112985	99,81018451
2	漬	322	1476	0,00112985	99,81131436
2	濫	322	1476	0,00112985	99,81244421
2	炒	322	1476	0,00112985	99,81357407
2	炭	322	1476	0,00112985	99,81470392
2	熟	322	1476	0,00112985	99,81583378
2	獣	322	1476	0,00112985	99,81696363
2	珠	322	1476	0,00112985	99,81809348
2	畑	322	1476	0,00112985	99,81922334
2	癖	322	1476	0,00112985	99,82035319
2	睡	322	1476	0,00112985	99,82148305
2	砕	322	1476	0,00112985	99,82261290
2	秩	322	1476	0,00112985	99,82374275
2	稀	322	1476	0,00112985	99,82487261
2	稽	322	1476	0,00112985	99,82600246
2	算	322	1476	0,00112985	99,82713232
2	紋	322	1476	0,00112985	99,82826217
2	紐	322	1476	0,00112985	99,82939203
2	紡	322	1476	0,00112985	99,83052188
2	絹	322	1476	0,00112985	99,83165173
2	網	322	1476	0,00112985	99,83278159
2	緯	322	1476	0,00112985	99,83391144
2	繊	322	1476	0,00112985	99,83504130
2	織	322	1476	0,00112985	99,83617115
2	罰	322	1476	0,00112985	99,83730100
2	群	322	1476	0,00112985	99,83843086
2	羨	322	1476	0,00112985	99,83956071
2	翻	322	1476	0,00112985	99,84069057
2	肺	322	1476	0,00112985	99,84182042
2	脈	322	1476	0,00112985	99,84295028
2	脚	322	1476	0,00112985	99,84408013
2	腫	322	1476	0,00112985	99,84520998
2	臓	322	1476	0,00112985	99,84633984
2	艮	322	1476	0,00112985	99,84746969
2	芳	322	1476	0,00112985	99,84859955
2	茹	322	1476	0,00112985	99,84972940
2	莫	322	1476	0,00112985	99,85085925
2	著	322	1476	0,00112985	99,85198911
2	蒸	322	1476	0,00112985	99,85311896
2	蚊	322	1476	0,00112985	99,85424882
2	蠢	322	1476	0,00112985	99,85537867
2	衝	322	1476	0,00112985	99,85650852
2	衰	322	1476	0,00112985	99,85763838
2	裂	322	1476	0,00112985	99,85876823
2	覇	322	1476	0,00112985	99,85989809
2	規	322	1476	0,00112985	99,86102794
2	該	322	1476	0,00112985	99,86215780
2	誉	322	1476	0,00112985	99,86328765
2	譜	322	1476	0,00112985	99,86441750
2	譲	322	1476	0,00112985	99,86554736
2	讐	322	1476	0,00112985	99,86667721
2	貌	322	1476	0,00112985	99,86780707
2	貧	322	1476	0,00112985	99,86893692
2	軒	322	1476	0,00112985	99,87006677
2	較	322	1476	0,00112985	99,87119663
2	轢	322	1476	0,00112985	99,87232648
2	逝	322	1476	0,00112985	99,87345634
2	遮	322	1476	0,00112985	99,87458619
2	遽	322	1476	0,00112985	99,87571605
2	郊	322	1476	0,00112985	99,87684590
2	釘	322	1476	0,00112985	99,87797575
2	鈴	322	1476	0,00112985	99,87910561
2	銀	322	1476	0,00112985	99,88023546
2	閃	322	1476	0,00112985	99,88136532
2	阿	322	1476	0,00112985	99,88249517
2	陣	322	1476	0,00112985	99,88362502
2	隅	322	1476	0,00112985	99,88475488
2	雅	322	1476	0,00112985	99,88588473
2	霞	322	1476	0,00112985	99,88701459
2	革	322	1476	0,00112985	99,88814444
2	顕	322	1476	0,00112985	99,88927429
2	顧	322	1476	0,00112985	99,89040415
2	餃	322	1476	0,00112985	99,89153400
2	餅	322	1476	0,00112985	99,89266386
2	馳	322	1476	0,00112985	99,89379371
2	鬼	322	1476	0,00112985	99,89492357
2	鶴	322	1476	0,00112985	99,89605342
2	龍	322	1476	0,00112985	99,89718327
1	云	323	1627	0,00056493	99,89774820
1	些	323	1627	0,00056493	99,89831313
1	仔	323	1627	0,00056493	99,89887805
1	仙	323	1627	0,00056493	99,89944298
1	但	323	1627	0,00056493	99,90000791
1	佳	323	1627	0,00056493	99,90057284
1	促	323	1627	0,00056493	99,90113776
1	俳	323	1627	0,00056493	99,90170269
1	傾	323	1627	0,00056493	99,90226762
1	僚	323	1627	0,00056493	99,90283254
1	党	323	1627	0,00056493	99,90339747
1	兼	323	1627	0,00056493	99,90396240
1	冒	323	1627	0,00056493	99,90452733
1	凹	323	1627	0,00056493	99,90509225
1	函	323	1627	0,00056493	99,90565718
1	刊	323	1627	0,00056493	99,90622211
1	剃	323	1627	0,00056493	99,90678703
1	剤	323	1627	0,00056493	99,90735196
1	匿	323	1627	0,00056493	99,90791689
1	博	323	1627	0,00056493	99,90848181
1	哲	323	1627	0,00056493	99,90904674
1	唯	323	1627	0,00056493	99,90961167
1	啓	323	1627	0,00056493	99,91017660
1	噴	323	1627	0,00056493	99,91074152
1	均	323	1627	0,00056493	99,91130645
1	垂	323	1627	0,00056493	99,91187138
1	堕	323	1627	0,00056493	99,91243630
1	塾	323	1627	0,00056493	99,91300123
1	壮	323	1627	0,00056493	99,91356616
1	奉	323	1627	0,00056493	99,91413109
1	妖	323	1627	0,00056493	99,91469601
1	妥	323	1627	0,00056493	99,91526094
1	媚	323	1627	0,00056493	99,91582587
1	宣	323	1627	0,00056493	99,91639079
1	宮	323	1627	0,00056493	99,91695572
1	岐	323	1627	0,00056493	99,91752065
1	巧	323	1627	0,00056493	99,91808558
1	幻	323	1627	0,00056493	99,91865050
1	府	323	1627	0,00056493	99,91921543
1	弧	323	1627	0,00056493	99,91978036
1	忌	323	1627	0,00056493	99,92034528
1	恰	323	1627	0,00056493	99,92091021
1	憑	323	1627	0,00056493	99,92147514
1	憲	323	1627	0,00056493	99,92204006
1	戒	323	1627	0,00056493	99,92260499
1	扮	323	1627	0,00056493	99,92316992
1	拉	323	1627	0,00056493	99,92373485
1	拡	323	1627	0,00056493	99,92429977
1	拭	323	1627	0,00056493	99,92486470
1	挺	323	1627	0,00056493	99,92542963
1	捉	323	1627	0,00056493	99,92599455
1	捧	323	1627	0,00056493	99,92655948
1	据	323	1627	0,00056493	99,92712441
1	掘	323	1627	0,00056493	99,92768934
1	搾	323	1627	0,00056493	99,92825426
1	摂	323	1627	0,00056493	99,92881919
1	摩	323	1627	0,00056493	99,92938412
1	摺	323	1627	0,00056493	99,92994904
1	敢	323	1627	0,00056493	99,93051397
1	斎	323	1627	0,00056493	99,93107890
1	斜	323	1627	0,00056493	99,93164382
1	旧	323	1627	0,00056493	99,93220875
1	旬	323	1627	0,00056493	99,93277368
1	晶	323	1627	0,00056493	99,93333861
1	曹	323	1627	0,00056493	99,93390353
1	朕	323	1627	0,00056493	99,93446846
1	朴	323	1627	0,00056493	99,93503339
1	杏	323	1627	0,00056493	99,93559831
1	枠	323	1627	0,00056493	99,93616324
1	枯	323	1627	0,00056493	99,93672817
1	柱	323	1627	0,00056493	99,93729310
1	柳	323	1627	0,00056493	99,93785802
1	椅	323	1627	0,00056493	99,93842295
1	椎	323	1627	0,00056493	99,93898788
1	楯	323	1627	0,00056493	99,93955280
1	概	323	1627	0,00056493	99,94011773
1	槽	323	1627	0,00056493	99,94068266
1	歪	323	1627	0,00056493	99,94124758
1	殻	323	1627	0,00056493	99,94181251
1	沽	323	1627	0,00056493	99,94237744
1	洒	323	1627	0,00056493	99,94294237
1	洞	323	1627	0,00056493	99,94350729
1	洪	323	1627	0,00056493	99,94407222
1	淵	323	1627	0,00056493	99,94463715
1	渇	323	1627	0,00056493	99,94520207
1	港	323	1627	0,00056493	99,94576700
1	渾	323	1627	0,00056493	99,94633193
1	滴	323	1627	0,00056493	99,94689686
1	漫	323	1627	0,00056493	99,94746178
1	潔	323	1627	0,00056493	99,94802671
1	潤	323	1627	0,00056493	99,94859164
1	瀕	323	1627	0,00056493	99,94915656
1	灰	323	1627	0,00056493	99,94972149
1	灸	323	1627	0,00056493	99,95028642
1	焚	323	1627	0,00056493	99,95085135
1	猛	323	1627	0,00056493	99,95141627
1	獄	323	1627	0,00056493	99,95198120
1	甦	323	1627	0,00056493	99,95254613
1	畜	323	1627	0,00056493	99,95311105
1	痕	323	1627	0,00056493	99,95367598
1	痴	323	1627	0,00056493	99,95424091
1	痺	323	1627	0,00056493	99,95480583
1	盲	323	1627	0,00056493	99,95537076
1	睨	323	1627	0,00056493	99,95593569
1	矢	323	1627	0,00056493	99,95650062
1	研	323	1627	0,00056493	99,95706554
1	碧	323	1627	0,00056493	99,95763047
1	磔	323	1627	0,00056493	99,95819540
1	祷	323	1627	0,00056493	99,95876032
1	穫	323	1627	0,00056493	99,95932525
1	窃	323	1627	0,00056493	99,95989018
1	窟	323	1627	0,00056493	99,96045511
1	笹	323	1627	0,00056493	99,96102003
1	策	323	1627	0,00056493	99,96158496
1	箸	323	1627	0,00056493	99,96214989
1	篤	323	1627	0,00056493	99,96271481
1	籍	323	1627	0,00056493	99,96327974
1	粒	323	1627	0,00056493	99,96384467
1	粛	323	1627	0,00056493	99,96440959
1	糧	323	1627	0,00056493	99,96497452
1	総	323	1627	0,00056493	99,96553945
1	缶	323	1627	0,00056493	99,96610438
1	羊	323	1627	0,00056493	99,96666930
1	翌	323	1627	0,00056493	99,96723423
1	股	323	1627	0,00056493	99,96779916
1	肢	323	1627	0,00056493	99,96836408
1	肥	323	1627	0,00056493	99,96892901
1	肪	323	1627	0,00056493	99,96949394
1	肯	323	1627	0,00056493	99,97005887
1	胡	323	1627	0,00056493	99,97062379
1	脊	323	1627	0,00056493	99,97118872
1	膜	323	1627	0,00056493	99,97175365
1	舌	323	1627	0,00056493	99,97231857
1	舐	323	1627	0,00056493	99,97288350
1	船	323	1627	0,00056493	99,97344843
1	芋	323	1627	0,00056493	99,97401335
1	葦	323	1627	0,00056493	99,97457828
1	葬	323	1627	0,00056493	99,97514321
1	蔑	323	1627	0,00056493	99,97570814
1	蘇	323	1627	0,00056493	99,97627306
1	蛍	323	1627	0,00056493	99,97683799
1	蛙	323	1627	0,00056493	99,97740292
1	蛮	323	1627	0,00056493	99,97796784
1	袖	323	1627	0,00056493	99,97853277
1	裸	323	1627	0,00056493	99,97909770
1	裾	323	1627	0,00056493	99,97966263
1	褄	323	1627	0,00056493	99,98022755
1	訝	323	1627	0,00056493	99,98079248
1	訣	323	1627	0,00056493	99,98135741
1	詫	323	1627	0,00056493	99,98192233
1	諺	323	1627	0,00056493	99,98248726
1	貞	323	1627	0,00056493	99,98305219
1	財	323	1627	0,00056493	99,98361712
1	赴	323	1627	0,00056493	99,98418204
1	跳	323	1627	0,00056493	99,98474697
1	践	323	1627	0,00056493	99,98531190
1	軟	323	1627	0,00056493	99,98587682
1	輸	323	1627	0,00056493	99,98644175
1	辱	323	1627	0,00056493	99,98700668
1	辻	323	1627	0,00056493	99,98757160
1	迅	323	1627	0,00056493	99,98813653
1	逞	323	1627	0,00056493	99,98870146
1	遍	323	1627	0,00056493	99,98926639
1	邸	323	1627	0,00056493	99,98983131
1	酬	323	1627	0,00056493	99,99039624
1	酵	323	1627	0,00056493	99,99096117
1	醇	323	1627	0,00056493	99,99152609
1	醜	323	1627	0,00056493	99,99209102
1	釈	323	1627	0,00056493	99,99265595
1	鉛	323	1627	0,00056493	99,99322088
1	銃	323	1627	0,00056493	99,99378580
1	錯	323	1627	0,00056493	99,99435073
1	鎖	323	1627	0,00056493	99,99491566
1	鎮	323	1627	0,00056493	99,99548058
1	隊	323	1627	0,00056493	99,99604551
1	隔	323	1627	0,00056493	99,99661044
1	雇	323	1627	0,00056493	99,99717536
1	霜	323	1627	0,00056493	99,99774029
1	項	323	1627	0,00056493	99,99830522
1	須	323	1627	0,00056493	99,99887015
1	飢	323	1627	0,00056493	99,99943507
1	鷹	323	1627	0,00056493	100,00000000
